1110 1011 0011 0011 0100 1010 0010 0011 0011 0110 
1001 0011 0011 0110 1100 1100 1100 1011 0110 1100 
1010 0110 1010 0101 1000 0101 1001 0110 1000 0101 
1100 1001 0101 1010 0101 1010 0011 0101 1100 1110 
1001 0011 0110 1001 0110 1100 1011 0011 0001 0100 
1010 0111 1100 1010 0101 1100 1010 0011 0110 1101 
1100 1010 0101 1001 0111 1001 0001 0110 1001 0110 
1100 1100 1011 0010 0110 1010 0110 1101 1010 0100 
1100 1001 0011 0101 1001 0101 1100 1010 0101 1100 
1001 0011 0010 0011 0011 0011 0001 0101 1011 0101 
